        1	2017-01-07 17:14:13	1	0	2	0
        2	2017-01-07 17:16:07	1	0	1	0
        2	2017-01-07 17:16:24	1	0	1	0
        2	2017-01-07 20:13:11	1	0	1	0
        3	2017-01-07 20:14:12	1	0	1	0
        2	2017-01-07 21:50:03	1	0	1	0
        4	2017-01-07 21:51:09	1	0	1	0
        3	2017-01-07 22:31:40	1	0	1	0
        3	2017-01-07 22:31:55	1	0	1	0
        3	2017-01-08 20:10:05	1	0	1	0
        4	2017-01-08 20:10:13	1	0	1	0
        2	2017-01-08 20:30:26	1	0	1	0
        4	2017-01-09 17:19:02	1	0	1	0
        2	2017-01-09 22:16:27	1	0	1	0
        2	2017-01-10 15:20:46	1	0	1	0
        3	2017-01-10 17:54:20	1	0	1	0
        2	2017-01-10 18:08:03	1	0	1	0
        2	2017-01-10 23:18:58	1	0	1	0
        5	2017-01-10 23:28:39	1	0	1	0
        2	2017-01-11 12:54:24	1	0	1	0
        2	2017-01-12 10:23:33	1	0	1	0
        4	2017-01-12 12:16:49	1	0	1	0
        3	2017-01-12 15:40:38	1	0	1	0
        4	2017-01-12 16:11:18	1	0	1	0
        4	2017-01-12 17:32:20	1	0	1	0
        4	2017-01-12 17:52:49	1	0	1	0
        4	2017-01-12 18:00:18	1	0	1	0
        3	2017-01-12 19:26:47	1	0	1	0
        5	2017-01-12 21:16:04	1	0	1	0
        5	2017-01-12 21:16:15	1	0	1	0
        2	2017-01-14 10:03:58	1	0	1	0
        2	2017-01-14 10:04:31	1	0	1	0
        2	2017-01-14 10:05:18	1	0	1	0
        2	2017-01-14 10:07:35	1	0	1	0
        4	2017-01-14 10:39:14	1	0	1	0
        5	2017-01-14 10:39:20	1	0	1	0
        2	2017-01-14 10:40:48	1	0	1	0
        6	2017-01-14 11:34:30	1	0	1	0
        1	2017-01-14 11:34:50	1	0	1	0
        1	2017-01-14 11:35:10	1	0	1	0
       15	2017-01-14 13:14:47	1	0	1	0
        1	2017-01-14 13:18:31	1	0	1	0
       11	2017-01-14 13:19:03	1	0	1	0
        3	2017-01-14 13:39:07	1	0	1	0
        6	2017-01-14 13:40:00	1	0	1	0
        3	2017-01-14 13:45:11	1	0	1	0
        1	2017-01-14 13:49:16	1	0	1	0
        2	2017-01-14 13:50:12	1	0	1	0
        2	2017-01-14 13:50:31	1	0	1	0
        2	2017-01-14 13:53:38	1	0	1	0
        9	2017-01-14 14:06:22	1	0	1	0
        1	2017-01-14 14:21:41	1	0	1	0
        1	2017-01-14 15:53:28	1	0	1	0
        3	2017-01-14 17:27:03	1	0	1	0
        2	2017-01-14 17:44:36	1	0	1	0
       13	2017-01-14 18:43:51	1	0	1	0
       13	2017-01-14 18:44:02	1	0	1	0
       16	2017-01-14 21:24:09	1	0	1	0
       16	2017-01-14 21:24:29	1	0	1	0
       16	2017-01-14 22:27:47	1	0	1	0
       16	2017-01-14 22:28:03	1	0	1	0
       16	2017-01-15 00:00:57	1	0	1	0
       16	2017-01-15 07:58:30	1	0	1	0
       10	2017-01-15 09:20:26	1	0	1	0
       16	2017-01-15 09:31:25	1	0	1	0
       13	2017-01-15 09:31:40	1	0	1	0
       15	2017-01-15 09:36:49	1	0	1	0
       16	2017-01-15 09:37:21	1	0	1	0
       16	2017-01-15 09:42:32	1	0	1	0
        8	2017-01-15 09:45:38	1	0	1	0
       12	2017-01-15 09:47:35	1	0	1	0
       14	2017-01-15 09:56:48	1	0	1	0
        2	2017-01-15 10:02:10	1	0	1	0
        1	2017-01-15 10:02:23	1	0	1	0
       16	2017-01-15 10:12:15	1	0	1	0
        3	2017-01-15 10:13:55	1	0	1	0
       16	2017-01-15 10:49:15	1	0	1	0
        1	2017-01-15 10:57:01	1	0	1	0
        1	2017-01-15 10:58:51	1	0	1	0
        1	2017-01-15 11:07:10	1	0	1	0
        7	2017-01-15 11:33:08	1	0	1	0
        9	2017-01-15 12:00:22	1	0	1	0
        1	2017-01-15 12:03:57	1	0	1	0
       16	2017-01-15 12:46:35	1	0	1	0
       17	2017-01-15 13:00:08	1	0	1	0
       16	2017-01-15 13:17:28	1	0	1	0
        3	2017-01-15 13:27:04	1	0	1	0
       11	2017-01-15 13:29:25	1	0	1	0
       17	2017-01-15 13:30:30	1	0	1	0
       15	2017-01-15 13:32:42	1	0	1	0
        9	2017-01-15 13:43:11	1	0	1	0
        6	2017-01-15 14:06:59	1	0	1	0
       16	2017-01-15 14:26:59	1	0	1	0
       17	2017-01-15 15:39:50	1	0	1	0
        3	2017-01-15 15:53:38	1	0	1	0
       16	2017-01-15 16:03:57	1	0	1	0
       14	2017-01-15 16:05:34	1	0	1	0
        2	2017-01-15 16:09:52	1	0	1	0
       16	2017-01-15 16:27:37	1	0	1	0
       11	2017-01-15 16:43:26	1	0	1	0
       15	2017-01-15 16:44:45	1	0	1	0
        8	2017-01-15 16:46:42	1	0	1	0
       11	2017-01-15 17:14:56	1	0	1	0
       16	2017-01-15 17:22:44	1	0	1	0
       16	2017-01-15 17:23:21	1	0	1	0
       16	2017-01-15 17:25:44	1	0	1	0
        2	2017-01-15 17:27:26	1	0	1	0
        8	2017-01-15 17:48:31	1	0	1	0
       16	2017-01-15 18:09:19	1	0	1	0
        3	2017-01-15 18:13:11	1	0	1	0
       16	2017-01-15 18:16:44	1	0	1	0
        1	2017-01-15 18:23:51	1	0	1	0
       16	2017-01-15 18:26:48	1	0	1	0
       16	2017-01-15 18:45:29	1	0	1	0
        3	2017-01-15 19:15:17	1	0	1	0
       16	2017-01-15 19:33:38	1	0	1	0
       16	2017-01-15 20:43:35	1	0	1	0
       16	2017-01-15 21:00:08	1	0	1	0
        3	2017-01-15 21:04:17	1	0	1	0
        3	2017-01-15 21:05:12	1	0	1	0
        3	2017-01-15 21:05:15	1	0	1	0
        3	2017-01-15 21:08:42	1	0	1	0
        1	2017-01-15 21:10:45	1	0	1	0
       16	2017-01-15 21:50:37	1	0	1	0
       16	2017-01-15 22:20:49	1	0	1	0
       16	2017-01-15 23:32:42	1	0	1	0
       16	2017-01-16 00:00:53	1	0	1	0
       16	2017-01-16 00:15:58	1	0	1	0
       16	2017-01-16 07:03:16	1	0	1	0
       16	2017-01-16 07:31:05	1	0	1	0
       16	2017-01-16 08:08:08	1	0	1	0
       16	2017-01-16 08:17:40	1	0	1	0
       16	2017-01-16 08:29:26	1	0	1	0
       16	2017-01-16 08:31:31	1	0	1	0
       16	2017-01-16 08:51:43	1	0	1	0
       13	2017-01-16 09:36:16	1	0	1	0
       16	2017-01-16 09:36:45	1	0	1	0
       15	2017-01-16 09:44:21	1	0	1	0
        8	2017-01-16 09:46:29	1	0	1	0
        7	2017-01-16 09:53:46	1	0	1	0
       16	2017-01-16 09:56:08	1	0	1	0
        6	2017-01-16 09:59:30	1	0	1	0
       14	2017-01-16 10:00:30	1	0	1	0
       16	2017-01-16 10:09:01	1	0	1	0
       11	2017-01-16 10:11:14	1	0	1	0
       16	2017-01-16 10:31:58	1	0	1	0
        2	2017-01-16 10:33:14	1	0	1	0
        3	2017-01-16 10:36:53	1	0	1	0
       12	2017-01-16 10:39:16	1	0	1	0
        1	2017-01-16 10:40:46	1	0	1	0
        7	2017-01-16 10:41:06	1	0	1	0
       16	2017-01-16 10:47:04	1	0	1	0
       17	2017-01-16 11:04:38	1	0	1	0
        9	2017-01-16 12:37:40	1	0	1	0
       17	2017-01-16 13:25:22	1	0	1	0
        7	2017-01-16 14:03:41	1	0	1	0
        6	2017-01-16 14:06:32	1	0	1	0
       11	2017-01-16 14:23:22	1	0	1	0
        8	2017-01-16 14:28:45	1	0	1	0
        8	2017-01-16 14:45:32	1	0	1	0
       17	2017-01-16 14:58:15	1	0	1	0
        2	2017-01-16 15:04:19	1	0	1	0
        8	2017-01-16 15:07:16	1	0	1	0
       17	2017-01-16 15:53:34	1	0	1	0
       17	2017-01-16 15:57:52	1	0	1	0
       11	2017-01-16 16:17:13	1	0	1	0
       15	2017-01-16 17:03:10	1	0	1	0
       16	2017-01-16 17:04:49	1	0	1	0
       16	2017-01-16 17:08:29	1	0	1	0
        1	2017-01-16 17:20:14	1	0	1	0
       16	2017-01-16 17:22:06	1	0	1	0
       13	2017-01-16 17:28:53	1	0	1	0
        9	2017-01-16 17:42:03	1	0	1	0
       11	2017-01-16 17:50:19	1	0	1	0
       15	2017-01-16 17:51:06	1	0	1	0
       16	2017-01-16 18:18:33	1	0	1	0
        6	2017-01-16 18:20:14	1	0	1	0
       17	2017-01-16 19:15:49	1	0	1	0
       16	2017-01-16 19:17:34	1	0	1	0
       16	2017-01-16 19:58:52	1	0	1	0
       16	2017-01-16 20:16:09	1	0	1	0
       16	2017-01-16 20:27:14	1	0	1	0
       16	2017-01-16 20:41:58	1	0	1	0
       16	2017-01-16 21:42:58	1	0	1	0
       16	2017-01-16 23:17:28	1	0	1	0
       16	2017-01-17 06:57:04	1	0	1	0
       16	2017-01-17 07:43:52	1	0	1	0
       16	2017-01-17 08:03:39	1	0	1	0
       16	2017-01-17 09:19:53	1	0	1	0
       13	2017-01-17 09:23:14	1	0	1	0
       16	2017-01-17 09:29:33	1	0	1	0
       15	2017-01-17 09:42:39	1	0	1	0
       14	2017-01-17 09:42:57	1	0	1	0
        8	2017-01-17 09:51:44	1	0	1	0
        6	2017-01-17 09:56:53	1	0	1	0
       11	2017-01-17 10:04:53	1	0	1	0
       10	2017-01-17 10:05:02	1	0	1	0
       12	2017-01-17 10:05:36	1	0	1	0
       16	2017-01-17 10:10:32	1	0	1	0
        7	2017-01-17 10:19:49	1	0	1	0
       16	2017-01-17 10:21:36	1	0	1	0
       16	2017-01-17 10:35:55	1	0	1	0
       16	2017-01-17 10:54:18	1	0	1	0
        6	2017-01-17 11:36:11	1	0	1	0
        7	2017-01-17 12:03:36	1	0	1	0
       16	2017-01-17 12:06:16	1	0	1	0
        9	2017-01-17 12:11:48	1	0	1	0
       16	2017-01-17 13:21:30	1	0	1	0
        8	2017-01-17 16:02:45	1	0	1	0
        6	2017-01-17 16:04:24	1	0	1	0
        2	2017-01-17 16:45:20	1	0	1	0
       15	2017-01-17 17:08:54	1	0	1	0
       17	2017-01-17 17:12:49	1	0	1	0
       17	2017-01-17 17:42:25	1	0	1	0
       17	2017-01-17 18:05:59	1	0	1	0
       17	2017-01-17 18:54:47	1	0	1	0
       16	2017-01-17 19:33:12	1	0	1	0
       16	2017-01-17 19:35:26	1	0	1	0
       16	2017-01-17 20:01:33	1	0	1	0
        3	2017-01-17 20:47:13	1	0	1	0
       16	2017-01-17 20:47:54	1	0	1	0
       18	2017-01-17 20:57:53	1	0	1	0
       19	2017-01-17 20:58:22	1	0	1	0
       16	2017-01-17 21:56:38	1	0	1	0
       16	2017-01-17 22:06:38	1	0	1	0
       16	2017-01-18 05:51:40	1	0	1	0
       16	2017-01-18 07:05:41	1	0	1	0
       16	2017-01-18 08:29:33	1	0	1	0
       10	2017-01-18 09:26:02	1	0	1	0
       16	2017-01-18 09:29:50	1	0	1	0
       13	2017-01-18 09:32:56	1	0	1	0
       16	2017-01-18 09:34:05	1	0	1	0
        9	2017-01-18 09:43:24	1	0	1	0
       14	2017-01-18 09:45:07	1	0	1	0
        7	2017-01-18 09:52:59	1	0	1	0
        8	2017-01-18 09:54:36	1	0	1	0
        1	2017-01-18 09:59:41	1	0	1	0
        6	2017-01-18 10:24:46	1	0	1	0
       17	2017-01-18 10:56:01	1	0	1	0
       16	2017-01-18 11:21:15	1	0	1	0
       16	2017-01-18 11:36:01	1	0	1	0
       16	2017-01-18 12:09:58	1	0	1	0
        2	2017-01-18 15:25:22	1	0	1	0
       16	2017-01-18 15:54:52	1	0	1	0
       17	2017-01-18 16:00:16	1	0	1	0
       17	2017-01-18 16:06:29	1	0	1	0
        3	2017-01-18 17:53:22	1	0	1	0
        1	2017-01-18 18:51:48	1	0	1	0
        1	2017-01-18 18:52:08	1	0	1	0
       17	2017-01-18 20:01:42	1	0	1	0
       16	2017-01-18 20:30:50	1	0	1	0
       16	2017-01-18 22:49:43	1	0	1	0
        9	2017-01-19 08:35:36	1	0	1	0
        9	2017-01-19 08:38:18	1	0	1	0
        9	2017-01-19 09:05:57	1	0	1	0
        9	2017-01-19 09:08:11	1	0	1	0
        9	2017-01-19 09:08:18	1	0	1	0
       13	2017-01-19 09:28:02	1	0	1	0
       20	2017-01-19 09:30:54	1	0	1	0
       14	2017-01-19 09:32:11	1	0	1	0
       18	2017-01-19 09:44:11	1	0	1	0
        8	2017-01-19 09:45:38	1	0	1	0
       10	2017-01-19 09:49:45	1	0	1	0
       19	2017-01-19 09:52:33	1	0	1	0
       17	2017-01-19 11:08:48	1	0	1	0
       17	2017-01-19 12:02:20	1	0	1	0
       16	2017-01-19 12:02:45	1	0	1	0
       18	2017-01-19 12:20:41	1	0	1	0
       18	2017-01-19 12:41:34	1	0	1	0
        1	2017-01-19 13:22:21	1	0	1	0
       17	2017-01-19 13:26:53	1	0	1	0
        3	2017-01-19 13:36:02	1	0	1	0
       18	2017-01-19 13:42:56	1	0	1	0
       19	2017-01-19 13:58:33	1	0	1	0
       19	2017-01-19 13:59:01	1	0	1	0
       10	2017-01-19 14:07:13	1	0	1	0
       17	2017-01-19 14:35:32	1	0	1	0
       18	2017-01-19 14:48:45	1	0	1	0
        4	2017-01-19 15:11:53	1	0	1	0
       18	2017-01-19 17:03:30	1	0	1	0
        9	2017-01-19 17:46:29	1	0	1	0
        3	2017-01-19 17:49:55	1	0	1	0
       16	2017-01-19 20:46:13	1	0	1	0
       16	2017-01-19 21:28:38	1	0	1	0
       16	2017-01-19 22:02:42	1	0	1	0
       16	2017-01-19 22:28:58	1	0	1	0
       16	2017-01-20 04:46:06	1	0	1	0
       16	2017-01-20 10:16:08	1	0	1	0
       16	2017-01-20 11:11:07	1	0	1	0
       16	2017-01-20 15:34:07	1	0	1	0
       16	2017-01-20 17:14:41	1	0	1	0
       16	2017-01-20 17:19:16	1	0	1	0
       16	2017-01-20 21:27:43	1	0	1	0
       16	2017-01-20 21:56:57	1	0	1	0
       16	2017-01-20 22:20:55	1	0	1	0
       16	2017-01-21 06:58:40	1	0	1	0
       16	2017-01-21 07:50:55	1	0	1	0
       16	2017-01-21 08:39:25	1	0	1	0
       18	2017-01-21 09:10:56	1	0	1	0
       13	2017-01-21 09:22:46	1	0	1	0
       16	2017-01-21 09:23:30	1	0	1	0
        9	2017-01-21 09:24:49	1	0	1	0
       20	2017-01-21 09:25:05	1	0	1	0
       10	2017-01-21 09:35:28	1	0	1	0
        7	2017-01-21 09:36:46	1	0	1	0
       17	2017-01-21 09:39:08	1	0	1	0
       11	2017-01-21 09:39:52	1	0	1	0
       12	2017-01-21 09:39:57	1	0	1	0
       15	2017-01-21 09:49:10	1	0	1	0
       14	2017-01-21 09:51:17	1	0	1	0
        8	2017-01-21 09:52:38	1	0	1	0
       19	2017-01-21 09:55:02	1	0	1	0
        2	2017-01-21 12:46:56	1	0	1	0
        7	2017-01-21 13:37:57	1	0	1	0
       19	2017-01-21 13:38:02	1	0	1	0
        3	2017-01-21 13:46:13	1	0	1	0
       11	2017-01-21 14:04:30	1	0	1	0
        9	2017-01-21 14:13:35	1	0	1	0
       19	2017-01-21 14:13:44	1	0	1	0
       16	2017-01-21 15:39:06	1	0	1	0
       17	2017-01-21 17:49:05	1	0	1	0
       17	2017-01-21 19:07:24	1	0	1	0
       16	2017-01-21 21:45:57	1	0	1	0
       16	2017-01-21 23:01:02	1	0	1	0
       16	2017-01-22 07:05:29	1	0	1	0
       16	2017-01-22 07:40:25	1	0	1	0
       16	2017-01-22 08:12:08	1	0	1	0
       16	2017-01-22 08:28:34	1	0	1	0
       13	2017-01-22 09:18:05	1	0	1	0
        9	2017-01-22 09:23:54	1	0	1	0
       18	2017-01-22 09:23:59	1	0	1	0
       10	2017-01-22 09:30:38	1	0	1	0
       20	2017-01-22 09:35:22	1	0	1	0
        6	2017-01-22 09:40:42	1	0	1	0
       11	2017-01-22 09:42:37	1	0	1	0
       12	2017-01-22 09:42:49	1	0	1	0
       16	2017-01-22 09:46:08	1	0	1	0
        8	2017-01-22 09:48:43	1	0	1	0
       15	2017-01-22 09:49:13	1	0	1	0
       14	2017-01-22 09:59:14	1	0	1	0
        4	2017-01-22 11:19:22	1	0	1	0
       18	2017-01-22 12:59:30	1	0	1	0
       15	2017-01-22 13:23:09	1	0	1	0
       18	2017-01-22 13:31:31	1	0	1	0
        3	2017-01-22 14:04:24	1	0	1	0
        2	2017-01-22 14:18:11	1	0	1	0
        7	2017-01-22 14:27:33	1	0	1	0
       10	2017-01-22 14:32:31	1	0	1	0
       17	2017-01-22 15:17:02	1	0	1	0
       17	2017-01-22 15:24:46	1	0	1	0
        3	2017-01-22 16:30:54	1	0	1	0
        8	2017-01-22 16:40:22	1	0	1	0
       15	2017-01-22 16:56:43	1	0	1	0
        8	2017-01-22 17:26:12	1	0	1	0
       16	2017-01-22 20:10:56	1	0	1	0
       16	2017-01-22 21:12:36	1	0	1	0
       16	2017-01-22 22:37:25	1	0	1	0
       16	2017-01-23 06:43:28	1	0	1	0
       20	2017-01-23 09:22:48	1	0	1	0
       20	2017-01-23 09:22:51	1	0	1	0
       15	2017-01-23 09:34:15	1	0	1	0
       16	2017-01-23 09:35:13	1	0	1	0
       13	2017-01-23 09:49:35	1	0	1	0
        8	2017-01-23 09:49:47	1	0	1	0
       16	2017-01-23 09:52:51	1	0	1	0
       10	2017-01-23 10:00:52	1	0	1	0
        9	2017-01-23 10:01:00	1	0	1	0
       18	2017-01-23 10:05:17	1	0	1	0
       17	2017-01-23 11:19:11	1	0	1	0
        9	2017-01-23 11:49:53	1	0	1	0
        3	2017-01-23 13:36:11	1	0	1	0
        7	2017-01-23 14:21:50	1	0	1	0
       19	2017-01-23 14:21:57	1	0	1	0
       12	2017-01-23 14:31:03	1	0	1	0
       19	2017-01-23 14:34:16	1	0	1	0
       15	2017-01-23 15:01:05	1	0	1	0
       19	2017-01-23 16:47:34	1	0	1	0
       19	2017-01-23 16:52:56	1	0	1	0
       19	2017-01-23 16:56:55	1	0	1	0
       19	2017-01-23 16:58:46	1	0	1	0
       19	2017-01-23 17:14:45	1	0	1	0
        4	2017-01-23 17:42:02	1	0	1	0
        4	2017-01-23 21:13:20	1	0	1	0
       16	2017-01-24 07:10:43	1	0	1	0
        9	2017-01-24 09:27:24	1	0	1	0
       10	2017-01-24 09:37:55	1	0	1	0
       16	2017-01-24 09:39:11	1	0	1	0
        2	2017-01-24 09:46:12	1	0	1	0
        2	2017-01-24 09:47:05	1	1	1	0
       11	2017-01-24 09:47:29	1	1	1	0
       15	2017-01-24 09:52:11	1	1	1	0
       18	2017-01-24 09:53:52	1	1	1	0
        6	2017-01-24 09:54:15	1	1	1	0
       13	2017-01-24 09:54:54	1	1	1	0
        7	2017-01-24 09:55:15	1	1	1	0
        8	2017-01-24 09:55:33	1	1	1	0
       14	2017-01-24 09:57:45	1	1	1	0
       20	2017-01-24 10:06:00	1	1	1	0
       16	2017-01-24 10:33:54	1	1	1	0
        7	2017-01-24 11:15:10	1	1	1	0
       19	2017-01-24 12:28:12	1	1	1	0
       15	2017-01-24 12:45:13	1	1	1	0
       11	2017-01-24 13:35:36	1	1	1	0
       15	2017-01-24 13:38:30	1	1	1	0
        8	2017-01-24 13:46:58	1	1	1	0
       11	2017-01-24 14:18:09	1	1	1	0
        8	2017-01-24 14:20:29	1	1	1	0
       19	2017-01-24 14:21:46	1	1	1	0
       16	2017-01-24 22:18:14	1	1	1	0
       16	2017-01-25 00:06:29	1	1	1	0
       16	2017-01-25 00:47:08	1	1	1	0
       16	2017-01-25 07:23:08	1	1	1	0
       13	2017-01-25 09:39:00	1	1	1	0
       10	2017-01-25 09:42:13	1	1	1	0
        8	2017-01-25 09:50:10	1	1	1	0
       16	2017-01-25 09:50:49	1	1	1	0
        9	2017-01-25 10:04:15	1	1	1	0
       18	2017-01-25 10:05:40	1	1	1	0
       13	2017-01-25 11:42:40	1	1	1	0
       11	2017-01-25 14:06:52	1	1	1	0
       11	2017-01-25 14:08:17	1	1	1	0
       11	2017-01-25 17:05:36	1	1	1	0
        6	2017-01-25 18:29:56	1	1	1	0
       16	2017-01-25 20:02:10	1	1	1	0
       16	2017-01-25 22:37:24	1	1	1	0
       16	2017-01-25 23:46:46	1	1	1	0
       16	2017-01-26 07:43:52	1	1	1	0
       10	2017-01-26 09:19:03	1	1	1	0
       18	2017-01-26 09:39:19	1	1	1	0
        8	2017-01-26 09:43:08	1	1	1	0
        9	2017-01-26 09:45:52	1	1	1	0
       19	2017-01-26 09:45:56	1	1	1	0
        7	2017-01-26 09:48:26	1	1	1	0
       13	2017-01-26 09:48:40	1	1	1	0
       11	2017-01-26 09:58:46	1	1	1	0
       12	2017-01-26 09:59:09	1	1	1	0
        7	2017-01-26 10:15:52	1	1	1	0
       15	2017-01-26 10:19:46	1	1	1	0
       16	2017-01-26 10:22:29	1	1	1	0
        2	2017-01-26 10:23:46	1	1	1	0
        9	2017-01-26 10:48:04	1	1	1	0
        9	2017-01-26 11:19:52	1	1	1	0
       18	2017-01-26 11:51:46	1	1	1	0
       16	2017-01-26 12:39:59	1	1	1	0
        8	2017-01-26 14:05:33	1	1	1	0
       12	2017-01-26 14:06:29	1	1	1	0
       16	2017-01-26 21:48:36	1	1	1	0
       16	2017-01-26 23:20:58	1	1	1	0
       16	2017-01-26 23:25:05	1	1	1	0
       16	2017-01-27 11:20:27	1	1	1	0
       16	2017-01-27 18:19:57	1	1	1	0
       16	2017-01-27 23:34:39	1	1	1	0
       16	2017-01-27 23:53:46	1	1	1	0
       16	2017-01-28 07:05:06	1	1	1	0
       10	2017-01-28 09:16:48	1	1	1	0
       18	2017-01-28 09:22:18	1	1	1	0
        9	2017-01-28 09:24:35	1	1	1	0
       19	2017-01-28 09:24:47	1	1	1	0
       11	2017-01-28 09:32:49	1	1	1	0
       12	2017-01-28 09:32:55	1	1	1	0
       13	2017-01-28 09:37:03	1	1	1	0
       14	2017-01-28 09:53:37	1	1	1	0
        8	2017-01-28 09:55:15	1	1	1	0
        4	2017-01-28 10:00:09	1	1	1	0
       15	2017-01-28 10:12:11	1	1	1	0
       11	2017-01-28 13:17:46	1	1	1	0
       15	2017-01-28 13:23:30	1	1	1	0
       13	2017-01-28 15:54:25	1	1	1	0
       15	2017-01-28 16:53:26	1	1	1	0
        4	2017-01-28 18:54:39	1	1	1	0
       16	2017-01-28 22:27:05	1	1	1	0
       16	2017-01-28 22:55:40	1	1	1	0
       16	2017-01-28 23:45:41	1	1	1	0
       10	2017-01-29 09:31:03	1	1	1	0
       14	2017-01-29 09:41:49	1	1	1	0
       13	2017-01-29 09:46:56	1	1	1	0
        8	2017-01-29 09:52:27	1	1	1	0
        9	2017-01-29 18:12:47	1	1	1	0
        3	2017-01-29 20:14:20	1	1	1	0
        3	2017-01-29 20:19:24	1	1	1	0
        3	2017-01-29 20:19:43	1	1	1	0
       16	2017-01-29 20:20:09	1	1	1	0
        3	2017-01-29 21:06:44	1	1	1	0
       16	2017-01-29 22:26:18	1	1	1	0
       16	2017-01-30 07:56:49	1	1	1	0
       10	2017-01-30 09:25:12	1	1	1	0
        9	2017-01-30 09:48:26	1	1	1	0
       14	2017-01-30 09:49:56	1	1	1	0
        8	2017-01-30 09:51:11	1	1	1	0
       19	2017-01-30 13:44:40	1	1	1	0
       19	2017-01-30 13:48:04	1	1	1	0
       16	2017-01-30 21:56:17	1	1	1	0
       16	2017-01-30 22:04:17	1	1	1	0
       16	2017-01-30 22:24:34	1	1	1	0
       16	2017-01-30 22:33:38	1	1	1	0
       16	2017-01-30 22:49:57	1	1	1	0
       16	2017-01-31 00:12:03	1	1	1	0
       16	2017-01-31 00:51:13	1	1	1	0
       16	2017-01-31 01:47:46	1	1	1	0
       16	2017-01-31 01:58:58	1	1	1	0
        9	2017-01-31 09:38:32	1	1	1	0
       10	2017-01-31 09:45:12	1	1	1	0
       13	2017-01-31 09:45:37	1	1	1	0
        8	2017-01-31 09:57:48	1	1	1	0
        4	2017-01-31 09:58:13	1	1	1	0
       14	2017-01-31 10:08:34	1	1	1	0
       19	2017-01-31 10:10:11	1	1	1	0
       16	2017-01-31 10:36:19	1	1	1	0
       16	2017-01-31 13:45:14	1	1	1	0
       16	2017-01-31 22:36:50	1	1	1	0
       10	2017-02-01 09:05:50	1	1	1	0
       14	2017-02-01 09:38:55	1	1	1	0
       13	2017-02-01 09:41:09	1	1	1	0
        8	2017-02-01 12:53:56	1	1	1	0
        8	2017-02-01 14:22:14	1	1	1	0
       16	2017-02-01 22:00:53	1	1	1	0
       16	2017-02-02 07:09:54	1	1	1	0
       16	2017-02-02 09:08:53	1	1	1	0
       10	2017-02-02 09:42:33	1	1	1	0
       16	2017-02-02 09:44:43	1	1	1	0
       13	2017-02-02 09:51:20	1	1	1	0
       14	2017-02-02 09:54:48	1	1	1	0
       19	2017-02-02 10:04:31	1	1	1	0
        3	2017-02-02 10:39:55	1	1	1	0
       19	2017-02-02 13:25:07	1	1	1	0
       19	2017-02-02 13:25:13	1	1	1	0
       19	2017-02-02 14:21:18	1	1	1	0
       16	2017-02-02 21:47:40	1	1	1	0
       16	2017-02-03 00:08:27	1	1	1	0
       16	2017-02-03 07:24:30	1	1	1	0
       16	2017-02-03 08:25:36	1	1	1	0
       16	2017-02-03 08:57:27	1	1	1	0
       16	2017-02-03 12:14:52	1	1	1	0
       16	2017-02-03 13:14:34	1	1	1	0
       16	2017-02-03 13:19:32	1	1	1	0
       16	2017-02-03 13:54:07	1	1	1	0
       16	2017-02-03 18:20:05	1	1	1	0
       16	2017-02-03 18:41:11	1	1	1	0
       18	2017-02-03 20:16:25	1	1	1	0
       16	2017-02-03 23:46:31	1	1	1	0
        6	2017-02-04 09:25:25	1	1	1	0
       10	2017-02-04 09:37:33	1	1	1	0
       11	2017-02-04 09:42:39	1	1	1	0
        9	2017-02-04 09:42:49	1	1	1	0
       12	2017-02-04 09:42:54	1	1	1	0
       14	2017-02-04 09:53:07	1	1	1	0
       13	2017-02-04 09:54:20	1	1	1	0
       19	2017-02-04 09:54:27	1	1	1	0
        8	2017-02-04 09:54:39	1	1	1	0
       18	2017-02-04 10:30:29	1	1	1	0
       16	2017-02-05 07:09:58	1	1	1	0
       16	2017-02-05 08:35:43	1	1	1	0
       16	2017-02-05 08:47:01	1	1	1	0
       16	2017-02-05 09:15:50	1	1	1	0
       14	2017-02-05 09:40:22	1	1	1	0
       10	2017-02-05 09:47:58	1	1	1	0
       13	2017-02-05 09:52:41	1	1	1	0
        8	2017-02-05 09:57:29	1	1	1	0
        3	2017-02-05 21:46:42	1	1	1	0
       13	2017-02-06 09:55:27	1	1	1	0
        8	2017-02-06 09:57:16	1	1	1	0
        9	2017-02-06 10:16:07	1	1	1	0
       12	2017-02-06 10:16:16	1	1	1	0
       14	2017-02-06 10:19:02	1	1	1	0
       10	2017-02-06 10:20:19	1	1	1	0
       16	2017-02-07 07:14:48	1	1	1	0
       18	2017-02-07 09:31:56	1	1	1	0
       10	2017-02-07 09:47:55	1	1	1	0
       13	2017-02-07 09:49:27	1	1	1	0
        8	2017-02-07 09:52:02	1	1	1	0
       14	2017-02-07 10:00:43	1	1	1	0
       14	2017-02-07 10:01:20	1	1	1	0
       20	2017-02-07 10:05:22	1	1	1	0
       12	2017-02-07 10:23:54	1	1	1	0
       16	2017-02-08 07:41:22	1	1	1	0
       10	2017-02-08 09:21:05	1	1	1	0
       13	2017-02-08 09:24:38	1	1	1	0
        8	2017-02-08 09:37:23	1	1	1	0
       18	2017-02-08 09:40:12	1	1	1	0
        9	2017-02-08 09:40:28	1	1	1	0
       20	2017-02-08 09:45:01	1	1	1	0
       14	2017-02-08 09:45:59	1	1	1	0
       19	2017-02-08 11:32:03	1	1	1	0
       14	2017-02-09 09:37:37	1	1	1	0
       20	2017-02-09 09:50:28	1	1	1	0
        8	2017-02-09 09:51:45	1	1	1	0
       10	2017-02-09 10:02:42	1	1	1	0
        9	2017-02-09 10:07:42	1	1	1	0
       12	2017-02-09 10:28:40	1	1	1	0
       19	2017-02-09 12:48:27	1	1	1	0
       16	2017-02-10 11:16:57	1	1	1	0
       16	2017-02-10 14:00:12	1	1	1	0
       16	2017-02-10 16:24:07	1	1	1	0
       16	2017-02-10 18:59:15	1	1	1	0
        3	2017-02-10 20:46:28	1	1	1	0
       16	2017-02-10 21:53:14	1	1	1	0
       20	2017-02-11 09:11:05	1	1	1	0
        9	2017-02-11 09:37:28	1	1	1	0
       10	2017-02-11 09:38:40	1	1	1	0
       12	2017-02-11 09:42:46	1	1	1	0
       19	2017-02-11 09:58:33	1	1	1	0
        8	2017-02-11 11:20:14	1	1	1	0
       16	2017-02-11 21:41:46	1	1	1	0
       10	2017-02-12 09:14:50	1	1	1	0
       16	2017-02-12 09:14:56	1	1	1	0
       20	2017-02-12 09:27:03	1	1	1	0
       15	2017-02-12 09:29:40	1	1	1	0
       14	2017-02-12 09:55:50	1	1	1	0
       12	2017-02-12 09:58:37	1	1	1	0
        8	2017-02-12 10:04:10	1	1	1	0
        7	2017-02-12 10:42:32	1	1	1	0
       16	2017-02-12 23:11:22	1	1	1	0
       16	2017-02-13 07:13:03	1	1	1	0
       15	2017-02-13 09:40:09	1	1	1	0
        9	2017-02-13 09:40:15	1	1	1	0
        8	2017-02-13 09:40:24	1	1	1	0
       20	2017-02-13 09:45:12	1	1	1	0
       10	2017-02-13 10:01:02	1	1	1	0
       12	2017-02-13 10:22:18	1	1	1	0
       14	2017-02-13 10:50:17	1	1	1	0
       19	2017-02-13 11:04:06	1	1	1	0
       16	2017-02-13 22:31:04	1	1	1	0
       16	2017-02-13 22:40:44	1	1	1	0
       16	2017-02-13 23:36:45	1	1	1	0
       16	2017-02-14 09:40:44	1	1	1	0
        8	2017-02-14 09:52:24	1	1	1	0
       10	2017-02-14 09:52:56	1	1	1	0
        9	2017-02-14 09:53:03	1	1	1	0
       15	2017-02-14 10:00:43	1	1	1	0
       14	2017-02-14 10:13:40	1	1	1	0
       20	2017-02-14 10:31:50	1	1	1	0
       16	2017-02-14 12:37:39	1	1	1	0
        2	2017-02-14 20:22:35	1	1	1	0
       16	2017-02-14 23:43:56	1	1	1	0
       16	2017-02-15 00:34:21	1	1	1	0
        9	2017-02-15 09:35:47	1	1	1	0
       20	2017-02-15 09:36:49	1	1	1	0
       15	2017-02-15 09:47:59	1	1	1	0
       19	2017-02-15 09:50:20	1	1	1	0
        8	2017-02-15 09:55:47	1	1	1	0
       14	2017-02-15 09:57:32	1	1	1	0
       16	2017-02-15 23:05:59	1	1	1	0
       16	2017-02-16 07:03:48	1	1	1	0
       20	2017-02-16 09:26:25	1	1	1	0
        6	2017-02-16 09:49:17	1	1	1	0
        8	2017-02-16 09:50:54	1	1	1	0
       15	2017-02-16 09:53:22	1	1	1	0
       14	2017-02-16 09:57:14	1	1	1	0
        7	2017-02-16 13:44:44	1	1	1	0
       16	2017-02-16 15:17:12	1	1	1	0
       16	2017-02-17 08:59:33	1	1	1	0
       16	2017-02-17 10:39:30	1	1	1	0
       16	2017-02-17 18:06:05	1	1	1	0
       16	2017-02-17 18:37:52	1	1	1	0
       16	2017-02-17 19:47:42	1	1	1	0
       16	2017-02-18 07:08:32	1	1	1	0
       20	2017-02-18 09:24:58	1	1	1	0
       18	2017-02-18 09:27:22	1	1	1	0
       13	2017-02-18 09:37:59	1	1	1	0
        9	2017-02-18 09:40:02	1	1	1	0
       14	2017-02-18 09:43:08	1	1	1	0
       10	2017-02-18 09:46:22	1	1	1	0
        8	2017-02-18 09:59:53	1	1	1	0
       15	2017-02-18 10:00:48	1	1	1	0
       19	2017-02-18 10:09:45	1	1	1	0
       18	2017-02-18 20:44:45	1	1	1	0
       16	2017-02-18 22:19:41	1	1	1	0
       16	2017-02-19 07:14:02	1	1	1	0
       16	2017-02-19 09:01:07	1	1	1	0
       10	2017-02-19 09:21:49	1	1	1	0
       20	2017-02-19 09:46:52	1	1	1	0
        8	2017-02-19 09:50:29	1	1	1	0
        9	2017-02-19 09:53:48	1	1	1	0
       14	2017-02-19 09:59:17	1	1	1	0
       20	2017-02-20 09:34:12	1	1	1	0
        8	2017-02-20 09:42:26	1	1	1	0
        9	2017-02-20 10:18:21	1	1	1	0
       19	2017-02-20 10:30:12	1	1	1	0
       14	2017-02-20 10:48:05	1	1	1	0
       19	2017-02-20 16:41:32	1	1	1	0
       17	2017-03-05 15:10:27	1	1	1	0
       17	2017-03-05 15:18:32	1	1	1	0
       17	2017-03-05 15:19:52	1	1	1	0
       17	2017-03-05 15:20:26	1	1	1	0
       17	2017-03-05 15:24:37	1	1	1	0
       17	2017-03-05 15:24:54	1	1	1	0
       18	2017-03-05 15:27:07	1	1	1	0
       17	2017-03-05 15:28:12	1	1	1	0
       18	2017-03-05 15:44:40	1	1	1	0
        4	2017-03-05 16:08:40	1	1	1	0
        4	2017-03-05 16:09:04	1	1	1	0
        4	2017-03-05 16:09:33	1	1	1	0
        4	2017-03-05 16:20:43	1	1	1	0
        4	2017-03-05 16:20:50	1	1	1	0
        4	2017-03-05 16:35:00	1	1	1	0
        3	2017-03-05 17:10:33	1	1	1	0
        8	2017-03-05 17:22:39	1	1	1	0
        9	2017-03-05 17:42:44	1	1	1	0
        4	2017-03-05 17:50:12	1	1	1	0
        7	2017-03-05 18:01:53	1	1	1	0
       11	2017-03-05 18:27:12	1	1	1	0
        8	2017-03-05 18:27:36	1	1	1	0
        1	2017-03-05 19:43:02	1	1	1	0
        1	2017-03-05 19:43:13	1	1	1	0
        1	2017-03-05 19:43:15	1	1	1	0
        4	2017-03-06 09:41:31	1	1	1	0
        1	2017-03-06 09:49:47	1	1	1	0
        7	2017-03-06 09:50:09	1	1	1	0
        7	2017-03-06 09:50:31	1	1	1	0
       18	2017-03-06 09:50:37	1	1	1	0
       14	2017-03-06 10:26:27	1	1	1	0
       17	2017-03-06 11:10:34	1	1	1	0
        1	2017-03-06 11:23:47	1	1	1	0
       17	2017-03-06 12:11:58	1	1	1	0
        1	2017-03-06 13:30:50	1	1	1	0
       15	2017-03-06 17:03:01	1	1	1	0
        3	2017-03-06 17:05:06	1	1	1	0
        8	2017-03-07 09:31:29	1	1	1	0
       14	2017-03-07 09:31:50	1	1	1	0
       18	2017-03-07 09:35:33	1	1	1	0
        4	2017-03-07 09:35:39	1	1	1	0
        1	2017-03-07 09:35:42	1	1	1	0
        3	2017-03-07 09:35:51	1	1	1	0
        9	2017-03-07 09:44:30	1	1	1	0
       10	2017-03-07 09:49:28	1	1	1	0
       17	2017-03-07 11:46:14	1	1	1	0
        3	2017-03-07 11:47:21	1	1	1	0
        1	2017-03-07 12:09:54	1	1	1	0
        1	2017-03-07 12:11:18	1	1	1	0
        3	2017-03-07 12:13:57	1	1	1	0
       18	2017-03-07 12:29:09	1	1	1	0
        4	2017-03-07 13:09:26	1	1	1	0
        3	2017-03-07 13:37:50	1	1	1	0
       26	2017-03-07 13:50:11	1	1	1	0
       11	2017-03-07 13:51:31	1	1	1	0
       18	2017-03-07 14:47:44	1	1	1	0
        6	2017-03-07 16:03:48	1	1	1	0
       17	2017-03-07 16:13:27	1	1	1	0
        8	2017-03-08 09:28:43	1	1	1	0
        1	2017-03-08 09:32:04	1	1	1	0
       18	2017-03-08 09:43:33	1	1	1	0
       10	2017-03-08 09:44:18	1	1	1	0
       18	2017-03-08 09:56:20	1	1	1	0
        9	2017-03-08 09:59:37	1	1	1	0
       26	2017-03-08 10:08:55	1	1	1	0
        3	2017-03-08 10:23:51	1	1	1	0
       13	2017-03-08 10:26:43	1	1	1	0
       14	2017-03-08 10:27:27	1	1	1	0
       13	2017-03-08 11:17:30	1	1	1	0
        1	2017-03-08 12:08:17	1	1	1	0
        3	2017-03-08 14:00:34	1	1	1	0
       14	2017-03-08 14:44:52	1	1	1	0
       13	2017-03-08 14:49:32	1	1	1	0
        4	2017-03-08 15:00:40	1	1	1	0
       13	2017-03-08 16:12:49	1	1	1	0
        7	2017-03-08 16:20:15	1	1	1	0
       13	2017-03-08 16:45:23	1	1	1	0
        1	2017-03-08 18:22:52	1	1	1	0
        3	2017-03-08 21:21:48	1	1	1	0
        3	2017-03-08 21:43:40	1	1	1	0
       11	2017-03-08 21:48:46	1	1	1	0
        3	2017-03-08 22:01:09	1	1	1	0
        1	2017-03-08 23:15:03	1	1	1	0
        6	2017-03-09 09:28:28	1	1	1	0
        8	2017-03-09 09:38:41	1	1	1	0
       10	2017-03-09 09:39:18	1	1	1	0
       18	2017-03-09 09:44:46	1	1	1	0
        1	2017-03-09 09:50:32	1	1	1	0
       18	2017-03-09 10:28:40	1	1	1	0
       18	2017-03-09 10:30:12	1	1	1	0
        1	2017-03-09 12:30:58	1	1	1	0
       18	2017-03-09 12:51:30	1	1	1	0
       18	2017-03-09 12:56:46	1	1	1	0
        1	2017-03-09 15:22:26	1	1	1	0
        1	2017-03-09 15:22:59	1	1	1	0
        1	2017-03-09 17:17:06	1	1	1	0
        1	2017-03-09 18:23:19	1	1	1	0
       18	2017-03-09 22:32:16	1	1	1	0
        4	2017-03-10 17:25:41	1	1	1	0
        4	2017-03-11 09:22:59	1	1	1	0
        1	2017-03-11 09:23:22	1	1	1	0
       18	2017-03-11 09:23:28	1	1	1	0
        8	2017-03-11 09:26:19	1	1	1	0
       10	2017-03-11 09:38:39	1	1	1	0
       17	2017-03-11 10:12:47	1	1	1	0
       17	2017-03-11 10:39:36	1	1	1	0
       17	2017-03-11 10:47:28	1	1	1	0
       17	2017-03-11 11:23:00	1	1	1	0
       17	2017-03-11 12:43:26	1	1	1	0
        1	2017-03-11 13:35:50	1	1	1	0
        6	2017-03-11 14:14:26	1	1	1	0
       17	2017-03-11 16:50:53	1	1	1	0
       11	2017-03-11 16:54:05	1	1	1	0
       13	2017-03-11 16:59:44	1	1	1	0
       18	2017-03-11 17:01:31	1	1	1	0
        1	2017-03-11 17:19:54	1	1	1	0
       17	2017-03-11 17:30:54	1	1	1	0
       17	2017-03-11 17:32:20	1	1	1	0
       18	2017-03-12 10:05:50	1	1	1	0
        1	2017-03-12 10:52:35	1	1	1	0
       18	2017-03-12 11:50:30	1	1	1	0
        1	2017-03-12 15:45:20	1	1	1	0
        4	2017-03-12 20:45:18	1	1	1	0
       18	2017-03-13 09:38:51	1	1	1	0
       14	2017-03-13 10:13:23	1	1	1	0
        1	2017-03-13 12:25:59	1	1	1	0
       14	2017-03-13 14:27:07	1	1	1	0
        1	2017-03-13 14:54:00	1	1	1	0
       13	2017-03-13 18:06:40	1	1	1	0
       11	2017-03-13 18:31:09	1	1	1	0
        6	2017-03-13 19:05:11	1	1	1	0
       16	2017-03-13 19:29:54	1	1	1	0
       18	2017-03-13 20:28:49	1	1	1	0
       16	2017-03-13 23:32:39	1	1	1	0
       16	2017-03-14 07:47:59	1	1	1	0
        8	2017-03-14 09:29:08	1	1	1	0
       10	2017-03-14 09:35:53	1	1	1	0
       18	2017-03-14 09:35:58	1	1	1	0
       14	2017-03-14 09:40:09	1	1	1	0
       13	2017-03-14 09:55:06	1	1	1	0
        1	2017-03-14 12:37:17	1	1	1	0
        1	2017-03-14 13:05:00	1	1	1	0
        1	2017-03-14 14:48:14	1	1	1	0
       17	2017-03-14 19:21:37	1	1	1	0
       17	2017-03-14 19:49:52	1	1	1	0
       13	2017-03-14 20:12:09	1	1	1	0
       16	2017-03-15 06:42:34	1	1	1	0
       16	2017-03-15 08:02:19	1	1	1	0
       18	2017-03-15 09:29:35	1	1	1	0
        4	2017-03-15 09:30:06	1	1	1	0
        1	2017-03-15 09:30:38	1	1	1	0
       14	2017-03-15 09:38:28	1	1	1	0
       14	2017-03-15 11:32:28	1	1	1	0
       16	2017-03-15 15:33:51	1	1	1	0
       16	2017-03-15 15:55:03	1	1	1	0
       18	2017-03-15 15:55:37	1	1	1	0
        4	2017-03-15 19:40:21	1	1	1	0
       17	2017-03-15 20:15:37	1	1	1	0
       17	2017-03-15 20:47:07	1	1	1	0
       16	2017-03-15 23:40:47	1	1	1	0
       13	2017-03-16 09:46:33	1	1	1	0
        4	2017-03-16 09:48:08	1	1	1	0
       13	2017-03-16 13:31:02	1	1	1	0
       16	2017-03-16 14:38:16	1	1	1	0
        7	2017-03-16 18:06:30	1	1	1	0
        1	2017-03-16 18:17:56	1	1	1	0
        8	2017-03-16 18:28:19	1	1	1	0
       16	2017-03-16 23:21:29	1	1	1	0
       16	2017-03-17 06:37:30	1	1	1	0
       16	2017-03-17 06:59:57	1	1	1	0
       18	2017-03-17 07:01:20	1	1	1	0
       16	2017-03-17 07:33:28	1	1	1	0
       16	2017-03-17 16:27:02	1	1	1	0
       16	2017-03-17 22:57:17	1	1	1	0
       16	2017-03-17 23:11:21	1	1	1	0
       16	2017-03-18 00:25:27	1	1	1	0
       16	2017-03-18 01:10:20	1	1	1	0
       14	2017-03-18 09:13:01	1	1	1	0
       14	2017-03-18 09:15:38	1	1	1	0
       18	2017-03-18 09:30:36	1	1	1	0
        3	2017-03-18 09:47:43	1	1	1	0
        4	2017-03-18 09:47:50	1	1	1	0
        6	2017-03-18 09:55:24	1	1	1	0
        7	2017-03-18 10:02:11	1	1	1	0
       18	2017-03-18 12:58:08	1	1	1	0
       18	2017-03-18 13:43:49	1	1	1	0
       16	2017-03-18 13:44:15	1	1	1	0
       18	2017-03-18 13:46:32	1	1	1	0
        7	2017-03-18 14:24:29	1	1	1	0
       18	2017-03-18 14:26:51	1	1	1	0
       13	2017-03-18 15:06:11	1	1	1	0
       16	2017-03-18 16:58:26	1	1	1	0
       15	2017-03-18 19:16:23	1	1	1	0
       15	2017-03-18 19:28:11	1	1	1	0
       16	2017-03-18 19:53:05	1	1	1	0
       18	2017-03-18 20:54:04	1	1	1	0
       16	2017-03-19 09:18:35	1	1	1	0
       14	2017-03-19 09:35:06	1	1	1	0
       11	2017-03-19 09:38:25	1	1	1	0
       18	2017-03-19 09:44:06	1	1	1	0
       18	2017-03-19 09:44:08	1	1	1	0
       16	2017-03-19 09:58:25	1	1	1	0
       18	2017-03-19 10:46:38	1	1	1	0
       18	2017-03-19 11:17:28	1	1	1	0
       13	2017-03-19 14:36:12	1	1	1	0
       16	2017-03-19 16:14:10	1	1	1	0
       18	2017-03-19 17:45:06	1	1	1	0
        4	2017-03-19 20:36:10	1	1	1	0
        4	2017-03-19 20:36:16	1	1	1	0
       16	2017-03-20 07:31:31	1	1	1	0
        8	2017-03-20 09:28:02	1	1	1	0
       16	2017-03-20 09:42:04	1	1	1	0
       11	2017-03-20 09:54:24	1	1	1	0
       15	2017-03-20 10:04:52	1	1	1	0
       11	2017-03-20 13:09:18	1	1	1	0
        6	2017-03-20 21:17:31	1	1	1	0
       16	2017-03-20 22:53:27	1	1	1	0
       16	2017-03-21 06:10:54	1	1	1	0
       16	2017-03-21 08:56:42	1	1	1	0
       14	2017-03-21 09:32:39	1	1	1	0
        8	2017-03-21 09:33:12	1	1	1	0
       18	2017-03-21 09:52:10	1	1	1	0
       13	2017-03-21 10:03:06	1	1	1	0
        1	2017-03-21 13:33:06	1	1	1	0
        7	2017-03-21 17:19:32	1	1	1	0
       16	2017-03-21 21:35:00	1	1	1	0
       14	2017-03-22 10:00:47	1	1	1	0
        1	2017-03-22 18:43:23	1	1	1	0
       16	2017-03-23 20:52:52	1	1	1	0
       17	2017-03-23 20:53:50	1	1	1	0
       16	2017-03-24 09:49:13	1	1	1	0
       16	2017-03-24 12:43:08	1	1	1	0
       16	2017-03-24 14:24:20	1	1	1	0
       16	2017-03-24 20:47:57	1	1	1	0
       16	2017-03-24 20:53:04	1	1	1	0
       16	2017-03-24 20:59:29	1	1	1	0
       16	2017-03-24 22:36:05	1	1	1	0
       16	2017-03-24 22:39:46	1	1	1	0
       16	2017-03-24 23:16:05	1	1	1	0
       16	2017-03-25 06:42:12	1	1	1	0
       16	2017-03-25 08:11:03	1	1	1	0
       16	2017-03-25 08:33:33	1	1	1	0
       16	2017-03-25 09:11:37	1	1	1	0
       18	2017-03-25 09:34:49	1	1	1	0
       14	2017-03-25 09:44:47	1	1	1	0
       18	2017-03-25 09:50:44	1	1	1	0
        6	2017-03-25 10:33:02	1	1	1	0
       13	2017-03-25 12:09:10	1	1	1	0
       16	2017-03-25 12:09:37	1	1	1	0
       17	2017-03-25 14:49:09	1	1	1	0
       16	2017-03-25 22:20:57	1	1	1	0
       16	2017-03-25 23:04:59	1	1	1	0
       16	2017-03-25 23:13:40	1	1	1	0
        2	2017-03-26 10:36:16	1	1	1	0
       16	2017-03-26 13:45:08	1	1	1	0
       16	2017-03-26 15:20:32	1	1	1	0
       16	2017-03-26 18:37:20	1	1	1	0
       16	2017-03-27 11:55:19	1	1	1	0
       13	2017-03-27 12:05:52	1	1	1	0
       16	2017-03-27 12:22:30	1	1	1	0
       16	2017-03-27 12:51:52	1	1	1	0
       16	2017-03-27 15:09:14	1	1	1	0
       18	2017-03-27 16:27:39	1	1	1	0
       16	2017-03-27 19:53:54	1	1	1	0
       18	2017-03-27 22:41:32	1	1	1	0
        6	2017-03-28 14:14:02	1	1	1	0
       11	2017-03-28 14:15:14	1	1	1	0
       13	2017-03-28 15:19:03	1	1	1	0
       18	2017-03-28 16:18:04	1	1	1	0
       18	2017-03-28 16:21:56	1	1	1	0
       16	2017-03-28 16:26:11	1	1	1	0
       17	2017-03-28 16:38:09	1	1	1	0
       17	2017-03-28 16:43:02	1	1	1	0
       17	2017-03-28 16:47:59	1	1	1	0
       17	2017-03-28 17:30:58	1	1	1	0
       18	2017-03-28 18:43:39	1	1	1	0
        6	2017-03-28 18:46:39	1	1	1	0
       11	2017-03-30 09:47:13	1	1	1	0
       17	2017-03-30 10:01:50	1	1	1	0
       17	2017-03-30 11:01:27	1	1	1	0
       15	2017-03-30 11:13:03	1	1	1	0
        4	2017-03-30 11:40:06	1	1	1	0
        4	2017-03-30 11:43:52	1	1	1	0
       18	2017-03-30 11:49:00	1	1	1	0
       11	2017-03-30 14:35:56	1	1	1	0
       17	2017-03-30 14:42:26	1	1	1	0
       18	2017-03-30 14:46:39	1	1	1	0
       13	2017-03-30 14:51:48	1	1	1	0
       18	2017-03-30 16:44:51	1	1	1	0
       17	2017-03-30 16:48:28	1	1	1	0
       18	2017-03-31 18:58:57	1	1	1	0
       18	2017-03-31 22:13:27	1	1	1	0
        4	2017-04-01 09:00:18	1	1	1	0
       14	2017-04-01 09:34:53	1	1	1	0
       17	2017-04-01 19:45:11	1	1	1	0
       14	2017-04-02 16:35:20	1	1	1	0
        4	2017-04-02 18:25:21	1	1	1	0
       17	2017-04-02 21:00:43	1	1	1	0
       13	2017-04-03 14:55:04	1	1	1	0
       14	2017-04-03 14:55:21	1	1	1	0
        3	2017-04-03 17:58:29	1	1	1	0
        3	2017-04-03 19:05:32	1	1	1	0
       17	2017-04-03 20:30:26	1	1	1	0
        1	2017-04-03 21:29:20	1	1	1	0
        2	2017-04-03 21:29:41	1	1	1	0
        1	2017-04-03 21:30:11	1	1	1	0
        1	2017-04-03 21:32:52	1	1	1	0
        1	2017-04-03 21:33:56	1	1	1	0
        1	2017-04-03 21:38:21	1	1	2	0
        5	2017-04-03 21:38:27	1	1	2	0
        5	2017-04-03 21:38:34	1	1	1	0
        5	2017-04-03 21:38:42	1	1	2	0
        5	2017-04-03 21:38:49	1	1	2	0
        5	2017-04-03 21:38:55	1	1	2	0
        2	2017-04-03 21:39:59	1	1	1	0
        4	2017-04-03 21:40:45	1	1	1	0
        5	2017-04-03 21:42:03	1	1	2	0
        4	2017-04-03 21:42:19	1	1	1	0
        4	2017-04-03 21:43:50	1	1	1	0
        5	2017-04-03 21:43:54	1	1	2	0
        1	2017-04-03 21:43:56	1	1	2	0
        5	2017-04-03 21:44:00	1	1	2	0
        5	2017-04-03 21:44:00	1	1	2	0
       21	2017-04-04 07:59:12	1	1	1	0
       21	2017-04-04 08:06:16	1	1	1	0
       21	2017-04-04 08:55:10	1	1	1	0
       21	2017-04-04 09:09:08	1	1	1	0
       21	2017-04-04 09:18:30	1	1	1	0
       21	2017-04-04 09:19:39	1	1	1	0
        1	2017-04-04 10:25:52	1	1	2	0
        2	2017-04-04 11:28:11	1	1	1	0
        5	2017-04-04 11:39:11	1	1	2	0
        5	2017-04-04 11:39:11	1	1	2	0
        2	2017-04-04 11:45:05	1	1	1	0
        2	2017-04-04 11:55:28	1	1	1	0
        1	2017-04-04 11:56:57	1	1	2	0
        6	2017-04-04 11:58:31	1	1	2	0
        1	2017-04-04 11:58:40	1	1	2	0
        6	2017-04-04 11:58:43	1	1	2	0
        1	2017-04-04 11:58:47	1	1	2	0
        2	2017-04-04 11:59:03	1	1	1	0
        1	2017-04-04 11:59:08	1	1	1	0
        6	2017-04-04 11:59:13	1	1	1	0
        2	2017-04-04 11:59:39	1	1	1	0
        2	2017-04-04 12:00:00	1	1	1	0
        2	2017-04-04 12:00:44	1	1	1	0
        6	2017-04-04 12:01:27	1	1	2	0
        4	2017-04-04 12:35:00	1	1	1	0
        4	2017-04-04 12:36:26	1	1	2	0
        4	2017-04-04 12:37:14	1	1	2	0
       31	2017-04-04 12:39:19	1	1	1	0
        7	2017-04-04 12:42:37	1	1	2	0
       17	2017-04-04 12:45:10	1	1	2	0
       31	2017-04-04 13:11:07	1	1	1	0
       32	2017-04-04 13:13:33	1	1	1	0
       31	2017-04-04 13:38:19	1	1	1	0
        7	2017-04-04 13:42:48	1	1	2	0
        9	2017-04-04 13:43:26	1	1	1	0
       17	2017-04-04 13:48:15	1	1	2	0
       32	2017-04-04 13:56:48	1	1	1	0
       31	2017-04-04 14:08:54	1	1	1	0
        9	2017-04-04 14:20:52	1	1	1	0
       31	2017-04-04 14:22:42	1	1	1	0
       36	2017-04-04 14:27:57	1	1	1	0
       17	2017-04-04 14:37:09	1	1	2	0
        7	2017-04-04 14:40:40	1	1	2	0
        3	2017-04-04 14:48:37	1	1	1	0
        9	2017-04-04 15:04:00	1	1	1	0
       32	2017-04-04 15:24:34	1	1	1	0
       27	2017-04-04 17:07:39	1	1	1	0
       27	2017-04-04 17:21:12	1	1	1	0
       32	2017-04-04 17:23:22	1	1	1	0
       31	2017-04-04 17:27:49	1	1	1	0
       32	2017-04-04 17:46:07	1	1	1	0
       17	2017-04-04 17:57:58	1	1	2	0
       31	2017-04-04 18:31:16	1	1	1	0
       32	2017-04-04 18:57:05	1	1	1	0
       31	2017-04-04 19:17:36	1	1	1	0
       31	2017-04-04 19:33:11	1	1	1	0
       32	2017-04-04 19:42:11	1	1	1	0
        6	2017-04-04 19:49:44	1	1	2	0
        6	2017-04-04 19:49:45	1	1	2	0
       32	2017-04-04 19:55:54	1	1	1	0
       10	2017-04-04 20:44:32	1	1	1	0
       31	2017-04-05 08:31:54	1	1	1	0
       35	2017-04-05 09:17:18	1	1	1	0
       32	2017-04-05 09:25:58	1	1	1	0
        6	2017-04-05 10:38:42	1	1	2	0
       32	2017-04-05 11:28:35	1	1	1	0
       13	2017-04-05 11:37:14	1	1	1	0
        7	2017-04-05 11:39:13	1	1	2	0
        4	2017-04-05 13:37:46	1	1	1	0
       13	2017-04-05 13:51:36	1	1	1	0
       36	2017-04-05 14:08:40	1	1	1	0
       18	2017-04-05 14:21:54	1	1	1	0
       31	2017-04-05 14:30:43	1	1	1	0
       13	2017-04-05 14:35:57	1	1	1	0
       31	2017-04-05 14:45:55	1	1	1	0
        7	2017-04-05 15:08:02	1	1	1	0
       19	2017-04-05 15:12:16	1	1	1	0
       31	2017-04-05 15:26:58	1	1	1	0
       31	2017-04-05 15:44:38	1	1	1	0
       31	2017-04-05 16:09:27	1	1	1	0
       31	2017-04-05 16:17:12	1	1	1	0
       32	2017-04-05 16:51:02	1	1	1	0
       32	2017-04-05 17:08:37	1	1	1	0
       27	2017-04-05 17:18:09	1	1	1	0
       31	2017-04-05 17:37:52	1	1	1	0
       32	2017-04-05 18:43:14	1	1	1	0
       35	2017-04-05 18:46:34	1	1	1	0
        6	2017-04-05 18:54:02	1	1	2	0
        6	2017-04-05 18:54:03	1	1	2	0
        7	2017-04-05 18:54:48	1	1	2	0
       32	2017-04-05 19:05:22	1	1	1	0
       31	2017-04-05 19:26:54	1	1	1	0
        2	2017-04-05 19:29:07	1	1	1	0
        6	2017-04-05 19:47:14	1	1	1	0
        6	2017-04-05 20:29:39	1	1	1	0
       14	2017-04-06 09:30:32	1	1	1	0
       35	2017-04-06 09:30:38	1	1	1	0
       32	2017-04-06 09:31:05	1	1	1	0
       24	2017-04-06 09:33:16	1	1	2	0
       24	2017-04-06 09:33:34	1	1	1	0
        8	2017-04-06 09:34:38	1	1	2	0
        8	2017-04-06 09:34:38	1	1	2	0
       18	2017-04-06 09:39:47	1	1	2	0
       36	2017-04-06 09:43:02	1	1	1	0
        1	2017-04-06 09:43:09	1	1	2	0
       20	2017-04-06 09:45:25	1	1	2	0
       17	2017-04-06 09:58:58	1	1	2	0
       22	2017-04-06 09:59:03	1	1	2	0
       19	2017-04-06 09:59:06	1	1	2	0
       31	2017-04-06 09:59:14	1	1	1	0
        6	2017-04-06 09:59:41	1	1	2	0
       27	2017-04-06 10:07:02	1	1	1	0
       26	2017-04-06 10:13:59	1	1	2	0
       17	2017-04-06 15:03:54	1	1	2	0
       19	2017-04-06 15:04:34	1	1	2	0
       28	2017-04-06 19:19:18	1	1	1	0
        6	2017-04-06 21:23:54	1	1	1	0
        3	2017-04-06 21:24:00	1	1	1	0
        6	2017-04-06 21:24:09	1	1	1	0
        3	2017-04-06 21:24:23	1	1	1	0
       31	2017-04-06 21:24:44	1	1	1	0
       31	2017-04-07 10:59:31	1	1	1	0
       31	2017-04-07 11:05:10	1	1	1	0
       31	2017-04-07 11:25:01	1	1	1	0
       31	2017-04-07 11:31:51	1	1	1	0
       31	2017-04-07 11:33:53	1	1	1	0
       31	2017-04-07 11:34:38	1	1	1	0
       31	2017-04-07 11:41:00	1	1	1	0
       31	2017-04-07 11:50:11	1	1	1	0
        1	2017-04-07 12:12:53	1	1	1	0
        1	2017-04-07 12:13:16	1	1	1	0
       31	2017-04-07 13:57:04	1	1	1	0
       31	2017-04-07 14:57:24	1	1	1	0
       31	2017-04-07 15:38:23	1	1	1	0
       32	2017-04-07 16:44:27	1	1	1	0
       32	2017-04-07 16:51:17	1	1	1	0
        5	2017-04-07 18:39:27	1	1	1	0
       31	2017-04-07 20:41:10	1	1	1	0
        2	2017-04-07 20:59:52	1	1	1	0
       31	2017-04-07 21:00:27	1	1	1	0
       31	2017-04-07 21:06:28	1	1	1	0
       31	2017-04-07 21:34:14	1	1	1	0
       31	2017-04-07 21:59:41	1	1	1	0
       31	2017-04-07 22:19:34	1	1	1	0
       31	2017-04-07 22:22:03	1	1	1	0
       31	2017-04-08 09:22:43	1	1	1	0
       32	2017-04-08 09:22:49	1	1	1	0
       10	2017-04-08 09:22:52	1	1	1	0
       24	2017-04-08 09:22:58	1	1	2	0
       24	2017-04-08 09:23:48	1	1	1	0
       24	2017-04-08 09:24:52	1	1	1	0
       31	2017-04-08 09:26:07	1	1	1	0
       35	2017-04-08 09:27:35	1	1	1	0
       19	2017-04-08 09:28:16	1	1	2	0
       24	2017-04-08 09:34:59	1	1	1	0
        7	2017-04-08 09:35:47	1	1	2	0
       17	2017-04-08 09:36:00	1	1	2	0
       18	2017-04-08 09:38:34	1	1	2	0
        8	2017-04-08 09:39:40	1	1	2	0
       22	2017-04-08 09:39:45	1	1	2	0
       13	2017-04-08 09:43:19	1	1	1	0
       20	2017-04-08 09:44:05	1	1	2	0
        9	2017-04-08 09:44:49	1	1	1	0
       36	2017-04-08 09:45:58	1	1	1	0
       31	2017-04-08 09:50:16	1	1	1	0
       27	2017-04-08 09:52:02	1	1	1	0
       14	2017-04-08 09:52:25	1	1	1	0
       14	2017-04-08 09:57:15	1	1	1	0
       31	2017-04-08 10:18:35	1	1	1	0
       31	2017-04-08 10:55:13	1	1	1	0
       24	2017-04-08 10:55:35	1	1	1	0
       31	2017-04-08 11:07:29	1	1	1	0
       31	2017-04-08 11:20:10	1	1	1	0
       31	2017-04-08 11:27:48	1	1	1	0
       31	2017-04-08 12:27:17	1	1	1	0
       32	2017-04-08 12:34:46	1	1	1	0
       27	2017-04-08 12:37:54	1	1	1	0
       32	2017-04-08 12:39:29	1	1	1	0
       13	2017-04-08 13:13:41	1	1	1	0
       31	2017-04-08 13:14:06	1	1	1	0
       13	2017-04-08 13:29:33	1	1	1	0
       32	2017-04-08 13:50:16	1	1	1	0
       19	2017-04-08 14:19:46	1	1	2	0
       17	2017-04-08 14:20:02	1	1	2	0
        7	2017-04-08 14:27:36	1	1	2	0
       32	2017-04-08 14:39:15	1	1	1	0
       28	2017-04-08 15:20:01	1	1	1	0
       32	2017-04-08 15:45:52	1	1	1	0
       31	2017-04-08 17:46:49	1	1	1	0
       13	2017-04-08 17:53:31	1	1	1	0
       31	2017-04-08 18:35:33	1	1	1	0
       35	2017-04-08 18:49:49	1	1	1	0
       10	2017-04-08 18:51:46	1	1	1	0
       37	2017-04-08 18:54:03	1	1	1	0
       20	2017-04-08 18:55:10	1	1	2	0
       27	2017-04-08 18:58:17	1	1	1	0
       24	2017-04-08 19:00:23	1	1	2	0
       31	2017-04-08 19:12:36	1	1	1	0
        2	2017-04-08 19:20:39	1	1	1	0
       31	2017-04-08 19:41:22	1	1	1	0
        7	2017-04-08 19:49:04	1	1	2	0
       31	2017-04-08 20:43:00	1	1	1	0
        3	2017-04-08 20:46:02	1	1	1	0
       31	2017-04-08 21:32:39	1	1	1	0
       31	2017-04-09 09:04:13	1	1	1	0
       10	2017-04-09 09:04:21	1	1	1	0
       31	2017-04-09 09:04:52	1	1	1	0
       14	2017-04-09 09:06:21	1	1	1	0
       31	2017-04-09 09:15:44	1	1	1	0
       24	2017-04-09 09:19:17	1	1	2	0
       18	2017-04-09 09:23:08	1	1	2	0
       35	2017-04-09 09:35:17	1	1	1	0
        8	2017-04-09 09:35:49	1	1	2	0
        1	2017-04-09 09:36:16	1	1	1	0
        1	2017-04-09 09:37:54	1	1	1	0
       19	2017-04-09 09:38:00	1	1	2	0
        1	2017-04-09 09:38:31	1	1	1	0
       12	2017-04-09 09:39:29	1	1	2	0
       32	2017-04-09 09:39:42	1	1	1	0
       31	2017-04-09 09:42:11	1	1	1	0
       17	2017-04-09 09:45:01	1	1	2	0
       20	2017-04-09 09:49:30	1	1	2	0
       27	2017-04-09 09:52:07	1	1	2	0
       37	2017-04-09 09:52:47	1	1	1	0
        7	2017-04-09 09:56:15	1	1	2	0
        9	2017-04-09 10:12:25	1	1	1	0
       31	2017-04-09 10:13:25	1	1	1	0
       32	2017-04-09 10:26:27	1	1	1	0
       31	2017-04-09 10:43:34	1	1	1	0
       32	2017-04-09 11:19:52	1	1	1	0
       10	2017-04-09 11:31:56	1	1	1	0
        2	2017-04-09 11:32:57	1	1	1	0
       32	2017-04-09 12:05:15	1	1	1	0
       32	2017-04-09 13:06:27	1	1	1	0
       37	2017-04-09 14:02:43	1	1	1	0
       31	2017-04-09 14:04:46	1	1	1	0
        4	2017-04-09 14:07:57	1	1	1	0
       10	2017-04-09 14:12:17	1	1	1	0
       17	2017-04-09 14:14:54	1	1	2	0
       19	2017-04-09 14:14:58	1	1	2	0
        7	2017-04-09 14:22:13	1	1	2	0
       36	2017-04-09 14:24:36	1	1	1	0
       31	2017-04-09 14:26:27	1	1	1	0
       17	2017-04-09 15:04:57	1	1	2	0
       17	2017-04-09 15:04:58	1	1	2	0
       31	2017-04-09 15:47:54	1	1	1	0
       32	2017-04-09 16:31:39	1	1	1	0
       31	2017-04-09 16:33:51	1	1	1	0
       17	2017-04-09 16:35:35	1	1	2	0
       32	2017-04-09 16:36:27	1	1	1	0
        7	2017-04-09 17:11:04	1	1	2	0
       31	2017-04-09 17:17:56	1	1	1	0
       17	2017-04-09 17:25:10	1	1	2	0
       24	2017-04-09 18:47:14	1	1	2	0
        4	2017-04-09 18:49:04	1	1	1	0
       27	2017-04-09 19:01:43	1	1	2	0
       10	2017-04-09 19:33:14	1	1	1	0
       10	2017-04-09 19:34:30	1	1	1	0
        1	2017-04-09 19:35:36	1	1	1	0
       16	2017-04-09 19:40:19	1	1	2	0
       16	2017-04-09 19:42:36	1	1	2	0
       10	2017-04-09 19:52:45	1	1	1	0
       10	2017-04-09 19:54:05	1	1	1	0
       32	2017-04-09 19:56:36	1	1	1	0
       31	2017-04-10 09:18:50	1	1	1	0
       10	2017-04-10 09:18:56	1	1	1	0
       32	2017-04-10 09:19:06	1	1	1	0
       31	2017-04-10 09:23:22	1	1	1	0
       31	2017-04-10 09:28:10	1	1	1	0
       31	2017-04-10 09:29:24	1	1	1	0
        8	2017-04-10 09:37:56	1	1	2	0
       35	2017-04-10 09:39:01	1	1	1	0
       19	2017-04-10 09:42:43	1	1	2	0
        7	2017-04-10 09:46:17	1	1	2	0
        7	2017-04-10 09:46:17	1	1	2	0
        7	2017-04-10 09:46:18	1	1	2	0
       17	2017-04-10 09:46:25	1	1	2	0
        1	2017-04-10 09:51:45	1	1	2	0
        5	2017-04-10 09:52:14	1	1	1	0
        3	2017-04-10 09:52:20	1	1	1	0
       11	2017-04-10 09:53:04	1	1	1	0
       28	2017-04-10 09:56:04	1	1	1	0
       24	2017-04-10 09:56:05	1	1	2	0
       13	2017-04-10 09:56:13	1	1	1	0
       24	2017-04-10 09:56:48	1	1	1	0
       18	2017-04-10 09:58:29	1	1	2	0
       12	2017-04-10 10:00:49	1	1	2	0
       37	2017-04-10 10:02:08	1	1	1	0
       20	2017-04-10 10:05:19	1	1	2	0
       34	2017-04-10 10:14:34	1	1	1	0
       31	2017-04-10 10:15:56	1	1	1	0
       27	2017-04-10 10:16:09	1	1	2	0
       31	2017-04-10 10:17:49	1	1	1	0
       31	2017-04-10 10:18:40	1	1	1	0
        4	2017-04-10 10:56:41	1	1	1	0
       31	2017-04-10 11:30:24	1	1	1	0
       31	2017-04-10 12:08:06	1	1	1	0
       15	2017-04-10 12:13:38	1	1	1	0
       31	2017-04-10 12:21:25	1	1	1	0
       16	2017-04-10 12:23:56	1	1	2	0
       16	2017-04-10 12:29:11	1	1	2	0
       32	2017-04-10 12:32:38	1	1	1	0
       16	2017-04-10 12:34:53	1	1	2	0
       15	2017-04-10 12:36:53	1	1	2	0
        4	2017-04-10 12:38:11	1	1	1	0
       31	2017-04-10 12:38:56	1	1	1	0
       15	2017-04-10 12:49:36	1	1	1	0
       31	2017-04-10 13:09:19	1	1	1	0
       15	2017-04-10 13:19:42	1	1	1	0
       15	2017-04-10 13:19:45	1	1	1	0
       14	2017-04-10 13:33:23	1	1	1	0
       15	2017-04-10 13:34:05	1	1	1	0
       31	2017-04-10 13:35:08	1	1	1	0
       31	2017-04-10 13:43:25	1	1	1	0
       13	2017-04-10 13:53:40	1	1	1	0
       31	2017-04-10 13:58:51	1	1	1	0
        1	2017-04-10 14:03:57	1	1	2	0
       10	2017-04-10 14:13:27	1	1	1	0
       11	2017-04-10 14:16:44	1	1	1	0
       14	2017-04-10 14:29:45	1	1	1	0
       16	2017-04-10 14:40:52	1	1	2	0
       16	2017-04-10 14:51:58	1	1	2	0
       13	2017-04-10 14:52:33	1	1	1	0
       31	2017-04-10 14:54:02	1	1	1	0
       12	2017-04-10 14:55:47	1	1	1	0
       17	2017-04-10 14:56:29	1	1	2	0
       17	2017-04-10 14:56:30	1	1	2	0
       19	2017-04-10 14:56:58	1	1	2	0
       32	2017-04-10 16:02:04	1	1	1	0
       31	2017-04-10 16:31:24	1	1	1	0
       28	2017-04-10 17:28:37	1	1	1	0
       31	2017-04-10 17:30:40	1	1	1	0
       31	2017-04-10 17:36:10	1	1	1	0
       16	2017-04-10 17:37:44	1	1	2	0
       16	2017-04-10 18:11:29	1	1	2	0
       28	2017-04-10 18:33:52	1	1	1	0
       19	2017-04-10 18:42:47	1	1	2	0
       10	2017-04-10 19:07:07	1	1	1	0
       31	2017-04-10 19:18:42	1	1	1	0
       31	2017-04-11 09:18:35	1	1	1	0
       10	2017-04-11 09:18:46	1	1	1	0
       24	2017-04-11 09:19:17	1	1	1	0
       35	2017-04-11 09:19:24	1	1	1	0
       24	2017-04-11 09:24:42	1	1	2	0
       31	2017-04-11 09:33:51	1	1	1	0
       14	2017-04-11 09:35:21	1	1	1	0
       18	2017-04-11 09:39:28	1	1	2	0
        8	2017-04-11 09:40:36	1	1	2	0
       37	2017-04-11 09:41:59	1	1	1	0
       12	2017-04-11 09:43:22	1	1	2	0
       36	2017-04-11 09:45:44	1	1	1	0
       32	2017-04-11 09:48:11	1	1	1	0
       19	2017-04-11 09:48:15	1	1	2	0
       22	2017-04-11 09:51:38	1	1	2	0
       27	2017-04-11 09:52:05	1	1	2	0
        1	2017-04-11 09:57:31	1	1	1	0
       20	2017-04-11 10:08:58	1	1	2	0
       32	2017-04-11 10:10:54	1	1	1	0
       11	2017-04-11 10:23:34	1	1	1	0
       31	2017-04-11 10:44:15	1	1	1	0
       31	2017-04-11 10:46:41	1	1	1	0
       28	2017-04-11 10:48:11	1	1	1	0
       24	2017-04-11 10:53:24	1	1	1	0
       17	2017-04-11 11:16:06	1	1	2	0
        6	2017-04-11 12:01:22	1	1	1	0
        6	2017-04-11 12:05:43	1	1	1	0
       24	2017-04-11 12:19:14	1	1	1	0
       31	2017-04-11 12:20:17	1	1	1	0
       31	2017-04-11 12:21:08	1	1	1	0
       31	2017-04-11 12:38:33	1	1	1	0
       27	2017-04-11 13:04:13	1	1	1	0
       31	2017-04-11 13:06:40	1	1	1	0
       31	2017-04-11 13:09:59	1	1	1	0
        7	2017-04-11 13:24:53	1	1	2	0
        7	2017-04-11 13:24:54	1	1	2	0
        4	2017-04-11 13:58:50	1	1	1	0
       37	2017-04-11 14:15:03	1	1	1	0
       31	2017-04-11 14:16:25	1	1	1	0
       16	2017-04-11 14:25:16	1	1	2	0
       12	2017-04-11 14:25:35	1	1	1	0
       17	2017-04-11 14:28:38	1	1	2	0
        7	2017-04-11 14:32:02	1	1	2	0
       15	2017-04-11 14:37:12	1	1	2	0
       17	2017-04-11 14:54:46	1	1	2	0
       10	2017-04-11 17:14:18	1	1	1	0
       20	2017-04-11 18:44:06	1	1	2	0
       11	2017-04-11 18:44:20	1	1	1	0
       24	2017-04-11 18:49:19	1	1	2	0
       19	2017-04-11 18:50:04	1	1	2	0
       31	2017-04-11 19:12:53	1	1	1	0
       31	2017-04-11 19:13:13	1	1	1	0
       31	2017-04-12 09:20:58	1	1	1	0
       10	2017-04-12 09:21:06	1	1	1	0
       18	2017-04-12 09:21:57	1	1	2	0
       31	2017-04-12 09:23:30	1	1	1	0
       35	2017-04-12 09:28:44	1	1	1	0
        8	2017-04-12 09:30:42	1	1	2	0
       32	2017-04-12 09:34:32	1	1	1	0
       24	2017-04-12 09:38:11	1	1	2	0
       31	2017-04-12 09:39:12	1	1	1	0
       31	2017-04-12 09:42:07	1	1	1	0
       11	2017-04-12 09:43:10	1	1	1	0
       13	2017-04-12 09:45:33	1	1	1	0
       20	2017-04-12 09:45:37	1	1	2	0
       12	2017-04-12 09:45:40	1	1	2	0
        6	2017-04-12 09:47:54	1	1	1	0
        1	2017-04-12 09:47:58	1	1	2	0
       22	2017-04-12 09:48:01	1	1	2	0
       17	2017-04-12 09:49:52	1	1	2	0
       36	2017-04-12 09:53:15	1	1	1	0
       14	2017-04-12 09:56:30	1	1	1	0
       27	2017-04-12 10:20:26	1	1	2	0
       32	2017-04-12 10:21:36	1	1	1	0
       32	2017-04-12 10:22:21	1	1	1	0
       28	2017-04-12 10:23:14	1	1	1	0
        3	2017-04-12 10:32:02	1	1	1	0
       32	2017-04-12 10:36:45	1	1	1	0
       32	2017-04-12 10:36:48	1	1	1	0
       31	2017-04-12 10:46:18	1	1	1	0
       34	2017-04-12 10:51:26	1	1	1	0
       32	2017-04-12 11:21:35	1	1	1	0
       31	2017-04-12 11:26:22	1	1	1	0
       32	2017-04-12 11:26:58	1	1	1	0
       32	2017-04-12 11:35:28	1	1	1	0
       11	2017-04-12 11:41:48	1	1	1	0
       31	2017-04-12 11:44:19	1	1	1	0
       31	2017-04-12 11:49:37	1	1	1	0
       17	2017-04-12 12:12:04	1	1	2	0
       31	2017-04-12 12:24:36	1	1	1	0
       31	2017-04-12 12:48:01	1	1	1	0
        9	2017-04-12 13:47:39	1	1	1	0
       31	2017-04-12 14:02:25	1	1	1	0
       18	2017-04-12 14:17:07	1	1	1	0
       16	2017-04-12 14:21:14	1	1	2	0
       12	2017-04-12 14:26:47	1	1	1	0
       14	2017-04-12 14:38:53	1	1	1	0
       15	2017-04-12 14:42:42	1	1	2	0
        6	2017-04-12 15:13:30	1	1	1	0
       32	2017-04-12 15:24:00	1	1	1	0
       13	2017-04-12 15:34:50	1	1	1	0
       12	2017-04-12 16:06:38	1	1	1	0
       11	2017-04-12 16:36:15	1	1	1	0
       31	2017-04-12 16:47:53	1	1	1	0
       31	2017-04-12 16:51:54	1	1	1	0
       15	2017-04-12 17:31:07	1	1	2	0
       31	2017-04-12 18:42:11	1	1	1	0
       31	2017-04-12 18:43:51	1	1	1	0
       31	2017-04-12 18:54:25	1	1	1	0
       20	2017-04-12 19:04:44	1	1	2	0
       22	2017-04-12 19:07:49	1	1	2	0
       17	2017-04-12 19:07:55	1	1	2	0
        7	2017-04-12 19:07:58	1	1	2	0
       24	2017-04-12 19:09:08	1	1	1	0
       13	2017-04-12 19:11:12	1	1	1	0
        9	2017-04-12 19:12:32	1	1	1	0
       31	2017-04-12 19:12:48	1	1	1	0
       31	2017-04-12 19:22:03	1	1	1	0
       10	2017-04-12 19:39:57	1	1	1	0
       31	2017-04-12 20:15:39	1	1	1	0
       32	2017-04-12 20:17:49	1	1	1	0
       32	2017-04-12 20:43:12	1	1	1	0
        2	2017-04-12 20:44:03	1	1	1	0
       31	2017-04-13 09:24:08	1	1	1	0
       10	2017-04-13 09:24:19	1	1	1	0
       19	2017-04-13 09:24:35	1	1	2	0
       24	2017-04-13 09:25:06	1	1	2	0
       18	2017-04-13 09:25:10	1	1	2	0
        8	2017-04-13 09:32:06	1	1	2	0
       27	2017-04-13 09:36:39	1	1	2	0
        5	2017-04-13 09:45:25	1	1	2	0
        5	2017-04-13 09:45:26	1	1	2	0
        6	2017-04-13 09:45:28	1	1	2	0
        1	2017-04-13 09:45:31	1	1	2	0
       32	2017-04-13 09:45:37	1	1	1	0
        3	2017-04-13 09:45:52	1	1	2	0
       28	2017-04-13 09:49:55	1	1	1	0
       22	2017-04-13 09:51:58	1	1	2	0
        9	2017-04-13 09:54:01	1	1	2	0
       17	2017-04-13 09:54:56	1	1	2	0
        7	2017-04-13 09:55:07	1	1	2	0
       20	2017-04-13 09:55:50	1	1	2	0
       12	2017-04-13 10:18:41	1	1	2	0
       31	2017-04-13 10:34:05	1	1	1	0
       27	2017-04-13 10:44:16	1	1	1	0
       14	2017-04-13 10:48:10	1	1	1	0
       11	2017-04-13 10:52:02	1	1	1	0
       15	2017-04-13 10:53:55	1	1	2	0
       16	2017-04-13 11:13:44	1	1	2	0
       31	2017-04-13 11:25:14	1	1	1	0
       10	2017-04-13 11:46:32	1	1	1	0
       12	2017-04-13 12:22:01	1	1	1	0
       10	2017-04-13 13:02:53	1	1	1	0
       32	2017-04-13 13:36:39	1	1	1	0
       32	2017-04-13 13:45:47	1	1	1	0
       32	2017-04-13 14:07:30	1	1	1	0
       32	2017-04-13 14:11:59	1	1	1	0
        5	2017-04-13 14:18:14	1	1	1	0
       11	2017-04-13 14:19:53	1	1	1	0
       14	2017-04-13 14:25:45	1	1	1	0
       31	2017-04-13 14:34:58	1	1	1	0
        1	2017-04-13 14:35:57	1	1	2	0
       31	2017-04-13 14:42:17	1	1	1	0
       18	2017-04-13 14:43:18	1	1	1	0
       19	2017-04-13 14:55:45	1	1	2	0
       17	2017-04-13 16:17:10	1	1	2	0
       19	2017-04-13 16:53:00	1	1	2	0
       17	2017-04-13 17:42:35	1	1	2	0
       27	2017-04-13 18:05:34	1	1	1	0
       20	2017-04-13 18:52:50	1	1	2	0
       10	2017-04-14 12:06:59	1	1	1	0
       31	2017-04-15 09:19:03	1	1	1	0
       10	2017-04-15 09:19:08	1	1	1	0
       37	2017-04-15 09:19:15	1	1	1	0
       24	2017-04-15 09:19:25	1	1	2	0
       32	2017-04-15 09:21:19	1	1	1	0
       19	2017-04-15 09:36:49	1	1	2	0
        8	2017-04-15 09:40:02	1	1	2	0
        6	2017-04-15 09:43:04	1	1	2	0
        5	2017-04-15 09:43:10	1	1	2	0
        1	2017-04-15 09:43:14	1	1	2	0
       27	2017-04-15 09:45:03	1	1	2	0
       18	2017-04-15 09:49:51	1	1	2	0
       22	2017-04-15 09:51:16	1	1	2	0
       28	2017-04-15 09:51:32	1	1	1	0
       17	2017-04-15 09:53:09	1	1	2	0
       12	2017-04-15 09:53:27	1	1	2	0
       34	2017-04-15 14:17:04	1	1	1	0
       37	2017-04-15 18:51:20	1	1	1	0
       31	2017-04-16 09:06:22	1	1	1	0
       24	2017-04-16 09:14:14	1	1	2	0
       18	2017-04-16 09:23:32	1	1	2	0
       32	2017-04-16 09:26:12	1	1	1	0
        6	2017-04-16 09:26:38	1	1	2	0
       14	2017-04-16 09:39:26	1	1	1	0
       37	2017-04-16 09:41:34	1	1	1	0
       20	2017-04-16 09:43:15	1	1	2	0
       11	2017-04-16 09:48:19	1	1	1	0
       11	2017-04-16 09:48:23	1	1	1	0
       27	2017-04-16 09:48:59	1	1	2	0
       17	2017-04-16 09:49:39	1	1	2	0
        8	2017-04-16 09:49:58	1	1	2	0
       22	2017-04-16 09:54:30	1	1	2	0
       19	2017-04-16 10:11:44	1	1	2	0
        7	2017-04-16 10:20:14	1	1	2	0
        7	2017-04-16 10:20:14	1	1	2	0
       16	2017-04-16 12:53:18	1	1	2	0
       13	2017-04-16 13:35:30	1	1	1	0
       37	2017-04-16 14:02:58	1	1	1	0
       16	2017-04-16 14:35:04	1	1	2	0
       19	2017-04-16 14:46:44	1	1	2	0
       14	2017-04-16 14:55:48	1	1	1	0
       15	2017-04-16 14:57:08	1	1	1	0
       15	2017-04-16 14:57:10	1	1	2	0
       24	2017-04-16 18:49:59	1	1	2	0
       27	2017-04-16 18:50:13	1	1	1	0
       20	2017-04-16 18:53:59	1	1	2	0
       11	2017-04-16 18:54:10	1	1	1	0
       13	2017-04-16 20:34:16	1	1	1	0
        6	2017-04-16 20:37:10	1	1	2	0
       31	2017-04-17 09:10:58	1	1	1	0
       18	2017-04-17 09:13:17	1	1	2	0
       24	2017-04-17 09:26:36	1	1	2	0
       19	2017-04-17 09:30:51	1	1	2	0
       19	2017-04-17 09:30:51	1	1	2	0
        8	2017-04-17 09:33:09	1	1	2	0
        8	2017-04-17 09:33:10	1	1	2	0
       20	2017-04-17 09:35:39	1	1	2	0
       11	2017-04-17 09:37:44	1	1	1	0
       27	2017-04-17 09:43:16	1	1	2	0
        6	2017-04-17 09:43:38	1	1	2	0
        3	2017-04-17 09:43:47	1	1	2	0
       37	2017-04-17 09:44:09	1	1	1	0
       14	2017-04-17 09:44:19	1	1	1	0
       17	2017-04-17 09:52:25	1	1	2	0
        9	2017-04-17 09:56:42	1	1	2	0
       22	2017-04-17 10:00:32	1	1	2	0
       34	2017-04-17 14:11:58	1	1	1	0
       37	2017-04-17 14:17:10	1	1	1	0
       19	2017-04-17 14:48:37	1	1	2	0
       34	2017-04-17 14:50:01	1	1	1	0
       32	2017-04-17 14:50:12	1	1	1	0
       15	2017-04-17 14:50:19	1	1	1	0
       15	2017-04-17 14:50:20	1	1	2	0
       15	2017-04-17 14:50:21	1	1	2	0
       34	2017-04-17 16:06:05	1	1	1	0
       24	2017-04-17 18:52:59	1	1	2	0
       20	2017-04-17 19:00:41	1	1	2	0
       11	2017-04-17 19:00:48	1	1	1	0
       27	2017-04-17 19:00:53	1	1	1	0
       22	2017-04-17 19:00:56	1	1	2	0
       17	2017-04-17 19:01:01	1	1	2	0
       31	2017-04-17 21:27:48	1	1	1	0
       31	2017-04-17 21:46:38	1	1	1	0
       31	2017-04-18 06:57:09	1	1	1	0
       31	2017-04-18 08:15:02	1	1	1	0
       24	2017-04-18 09:31:19	1	1	1	0
       24	2017-04-18 09:31:26	1	1	2	0
       18	2017-04-18 09:33:37	1	1	2	0
        8	2017-04-18 09:35:04	1	1	2	0
       32	2017-04-18 09:37:35	1	1	1	0
       19	2017-04-18 09:37:41	1	1	2	0
       14	2017-04-18 09:37:47	1	1	1	0
       37	2017-04-18 09:42:02	1	1	1	0
       13	2017-04-18 09:42:18	1	1	1	0
       11	2017-04-18 09:42:47	1	1	1	0
       17	2017-04-18 09:51:00	1	1	2	0
        6	2017-04-18 09:57:55	1	1	2	0
        1	2017-04-18 09:59:24	1	1	2	0
        1	2017-04-18 09:59:24	1	1	2	0
       20	2017-04-18 10:01:27	1	1	2	0
        9	2017-04-18 10:16:34	1	1	2	0
       34	2017-04-18 12:01:15	1	1	1	0
       37	2017-04-18 14:28:21	1	1	1	0
       15	2017-04-18 14:34:48	1	1	2	0
       15	2017-04-18 14:34:49	1	1	2	0
       19	2017-04-18 14:49:03	1	1	2	0
       34	2017-04-18 15:00:42	1	1	1	0
       22	2017-04-18 15:30:03	1	1	2	0
       13	2017-04-18 16:59:40	1	1	1	0
        1	2017-04-18 17:09:58	1	1	2	0
        1	2017-04-18 17:10:10	1	1	2	0
       31	2017-04-19 09:01:16	1	1	1	0
       24	2017-04-19 09:15:07	1	1	2	0
       14	2017-04-19 09:19:13	1	1	1	0
       10	2017-04-19 09:30:14	1	1	1	0
        1	2017-04-19 09:33:17	1	1	2	0
       18	2017-04-19 09:35:28	1	1	2	0
        9	2017-04-19 09:35:59	1	1	2	0
       32	2017-04-19 09:39:20	1	1	1	0
       11	2017-04-19 09:43:36	1	1	1	0
       27	2017-04-19 09:55:01	1	1	2	0
       17	2017-04-19 09:55:06	1	1	2	0
       22	2017-04-19 09:55:08	1	1	2	0
       19	2017-04-19 09:55:11	1	1	2	0
